1,81.43013763427734,50.330345153808594
1,85.32433319091797,38.850852966308594
1,81.1592788696289,57.75035858154297
1,81.43013763427734,50.330345153808594
1,85.32433319091797,38.850852966308594
1,81.1592788696289,57.75035858154297
1,81.43013763427734,50.330345153808594
1,85.32433319091797,38.850852966308594
1,81.1592788696289,57.75035858154297
1,81.43013763427734,50.330345153808594
1,85.32433319091797,38.850852966308594
1,81.1592788696289,57.75035858154297
1,81.43013763427734,50.330345153808594
1,85.32433319091797,38.850852966308594
1,81.1592788696289,57.75035858154297
1,81.43013763427734,50.330345153808594
1,85.32433319091797,38.850852966308594
1,81.1592788696289,57.75035858154297
1,81.43013763427734,50.330345153808594
1,85.32433319091797,38.850852966308594
1,81.1592788696289,57.75035858154297
1,81.43013763427734,50.330345153808594
1,85.32433319091797,38.850852966308594
1,81.1592788696289,57.75035858154297
1,81.43013763427734,50.330345153808594
1,85.32433319091797,38.850852966308594
1,81.1592788696289,57.75035858154297
1,81.43013763427734,50.330345153808594
1,85.32433319091797,38.850852966308594
1,81.1592788696289,57.75035858154297
1,81.43013763427734,50.330345153808594
1,85.32433319091797,38.850852966308594
1,81.1592788696289,57.75035858154297
1,2.425396680831909,14.200140953063965
1,12.630863189697266,96.83126068115234
1,10.948801040649414,63.84346389770508
1,12.630863189697266,96.83126068115234
1,81.43013763427734,50.330345153808594
1,85.32433319091797,38.850852966308594
1,81.1592788696289,57.75035858154297
1,81.43013763427734,50.330345153808594
1,85.32433319091797,38.850852966308594
1,81.1592788696289,57.75035858154297
1,81.43013763427734,50.330345153808594
1,85.32433319091797,38.850852966308594
1,81.1592788696289,57.75035858154297
1,81.43013763427734,50.330345153808594
1,85.32433319091797,38.850852966308594
1,81.1592788696289,57.75035858154297
1,81.43013763427734,50.330345153808594
1,85.32433319091797,38.850852966308594
1,81.1592788696289,57.75035858154297
1,81.43013763427734,50.330345153808594
1,85.32433319091797,38.850852966308594
1,81.1592788696289,57.75035858154297
1,81.43013763427734,50.330345153808594
1,85.32433319091797,38.850852966308594
1,81.1592788696289,57.75035858154297
1,81.43013763427734,50.330345153808594
1,85.32433319091797,38.850852966308594
1,81.1592788696289,57.75035858154297
1,81.43013763427734,50.330345153808594
1,85.32433319091797,38.850852966308594
1,81.1592788696289,57.75035858154297
1,81.43013763427734,50.330345153808594
1,85.32433319091797,38.850852966308594
1,81.1592788696289,57.75035858154297
1,81.1592788696289,57.75035858154297
1,81.43013763427734,50.330345153808594
1,81.1592788696289,57.75035858154297
1,81.43013763427734,50.330345153808594
1,81.1592788696289,57.75035858154297
1,81.43013763427734,50.330345153808594
1,81.1592788696289,57.75035858154297
1,81.43013763427734,50.330345153808594
1,81.1592788696289,57.75035858154297
1,81.43013763427734,50.330345153808594
1,85.32433319091797,38.850852966308594
1,81.1592788696289,57.75035858154297
1,81.43013763427734,50.330345153808594
1,85.32433319091797,38.850852966308594
1,81.1592788696289,57.75035858154297
1,81.43013763427734,50.330345153808594
1,85.32433319091797,38.850852966308594
1,81.1592788696289,57.75035858154297
1,2.425396680831909,14.200140953063965
1,12.630863189697266,96.83126068115234
1,10.948801040649414,63.84346389770508
1,10.948801040649414,63.84346389770508
1,81.43013763427734,50.330345153808594
1,85.32433319091797,38.850852966308594
1,85.32433319091797,38.850852966308594
1,81.43013763427734,50.330345153808594
1,85.32433319091797,38.850852966308594
1,81.1592788696289,57.75035858154297
1,81.43013763427734,50.330345153808594
1,85.32433319091797,38.850852966308594
1,81.1592788696289,57.75035858154297
1,2.425396680831909,14.200140953063965
1,81.43013763427734,50.330345153808594
1,85.32433319091797,38.850852966308594
1,81.1592788696289,57.75035858154297
1,31.55712127685547,36.900413513183594
1,12.630863189697266,96.83126068115234
1,10.948801040649414,63.84346389770508
1,81.43013763427734,50.330345153808594
1,85.32433319091797,38.850852966308594
1,81.1592788696289,57.75035858154297
1,81.43013763427734,50.330345153808594
1,85.32433319091797,38.850852966308594
1,81.1592788696289,57.75035858154297
1,81.43013763427734,50.330345153808594
1,85.32433319091797,38.850852966308594
1,81.1592788696289,57.75035858154297
1,81.43013763427734,50.330345153808594
1,85.32433319091797,38.850852966308594
1,81.1592788696289,57.75035858154297
1,81.43013763427734,50.330345153808594
1,85.32433319091797,38.850852966308594
1,81.1592788696289,57.75035858154297
1,81.43013763427734,50.330345153808594
1,85.32433319091797,38.850852966308594
1,81.1592788696289,57.75035858154297
1,81.43013763427734,50.330345153808594
1,85.32433319091797,38.850852966308594
1,81.1592788696289,57.75035858154297
1,81.43013763427734,50.330345153808594
1,85.32433319091797,38.850852966308594
1,81.1592788696289,57.75035858154297
1,81.43013763427734,50.330345153808594
1,85.32433319091797,38.850852966308594
1,81.1592788696289,57.75035858154297
1,81.43013763427734,50.330345153808594
1,85.32433319091797,38.850852966308594
1,81.1592788696289,57.75035858154297
1,81.43013763427734,50.330345153808594
1,85.32433319091797,38.850852966308594
1,10.948801040649414,63.84346389770508
1,81.43013763427734,50.330345153808594
1,85.32433319091797,38.850852966308594
1,10.948801040649414,63.84346389770508
1,85.32433319091797,38.850852966308594
1,10.948801040649414,63.84346389770508
1,10.948801040649414,63.84346389770508
1,10.948801040649414,63.84346389770508
1,85.32433319091797,38.850852966308594
1,10.948801040649414,63.84346389770508
1,10.948801040649414,63.84346389770508
1,81.43013763427734,50.330345153808594
1,85.32433319091797,38.850852966308594
1,81.1592788696289,57.75035858154297
1,10.948801040649414,63.84346389770508
1,2.425396680831909,14.200140953063965
1,10.948801040649414,63.84346389770508
1,31.55712127685547,36.900413513183594
1,2.425396680831909,14.200140953063965
1,10.948801040649414,63.84346389770508
1,31.55712127685547,36.900413513183594
1,81.43013763427734,50.330345153808594
1,12.630863189697266,96.83126068115234
1,85.32433319091797,38.850852966308594
1,81.1592788696289,57.75035858154297
1,81.43013763427734,50.330345153808594
1,12.630863189697266,96.83126068115234
1,85.32433319091797,38.850852966308594
1,81.1592788696289,57.75035858154297
1,81.43013763427734,50.330345153808594
1,12.630863189697266,96.83126068115234
1,85.32433319091797,38.850852966308594
1,81.1592788696289,57.75035858154297
1,81.43013763427734,50.330345153808594
1,12.630863189697266,96.83126068115234
1,85.32433319091797,38.850852966308594
1,81.1592788696289,57.75035858154297
1,81.43013763427734,50.330345153808594
1,12.630863189697266,96.83126068115234
1,85.32433319091797,38.850852966308594
1,81.1592788696289,57.75035858154297
1,81.43013763427734,50.330345153808594
1,12.630863189697266,96.83126068115234
1,81.1592788696289,57.75035858154297
1,81.43013763427734,50.330345153808594
1,12.630863189697266,96.83126068115234
1,81.1592788696289,57.75035858154297
1,81.43013763427734,50.330345153808594
1,12.630863189697266,96.83126068115234
1,81.1592788696289,57.75035858154297
1,81.43013763427734,50.330345153808594
1,12.630863189697266,96.83126068115234
1,81.1592788696289,57.75035858154297
1,81.43013763427734,50.330345153808594
1,12.630863189697266,96.83126068115234
1,85.32433319091797,38.850852966308594
1,81.1592788696289,57.75035858154297
1,12.630863189697266,96.83126068115234
1,81.1592788696289,57.75035858154297
1,12.630863189697266,96.83126068115234
1,81.1592788696289,57.75035858154297
1,81.43013763427734,50.330345153808594
1,85.32433319091797,38.850852966308594
1,81.1592788696289,57.75035858154297
1,81.43013763427734,50.330345153808594
1,85.32433319091797,38.850852966308594
1,81.1592788696289,57.75035858154297
1,10.948801040649414,63.84346389770508
1,81.43013763427734,50.330345153808594
1,85.32433319091797,38.850852966308594
1,81.1592788696289,57.75035858154297
1,10.948801040649414,63.84346389770508
1,81.43013763427734,50.330345153808594
1,85.32433319091797,38.850852966308594
1,10.948801040649414,63.84346389770508
1,81.43013763427734,50.330345153808594
1,85.32433319091797,38.850852966308594
1,10.948801040649414,63.84346389770508
1,85.32433319091797,38.850852966308594
1,10.948801040649414,63.84346389770508
1,10.948801040649414,63.84346389770508
1,12.630863189697266,96.83126068115234
1,10.948801040649414,63.84346389770508
1,12.630863189697266,96.83126068115234
1,10.948801040649414,63.84346389770508
1,81.43013763427734,50.330345153808594
1,85.32433319091797,38.850852966308594
1,81.1592788696289,57.75035858154297
1,81.43013763427734,50.330345153808594
1,85.32433319091797,38.850852966308594
1,81.1592788696289,57.75035858154297
1,81.43013763427734,50.330345153808594
1,85.32433319091797,38.850852966308594
1,81.1592788696289,57.75035858154297
1,81.43013763427734,50.330345153808594
1,85.32433319091797,38.850852966308594
1,81.1592788696289,57.75035858154297
1,12.630863189697266,96.83126068115234
1,10.948801040649414,63.84346389770508
1,12.630863189697266,96.83126068115234
1,10.948801040649414,63.84346389770508
1,81.43013763427734,50.330345153808594
1,85.32433319091797,38.850852966308594
1,81.1592788696289,57.75035858154297
1,2.425396680831909,14.200140953063965
1,12.630863189697266,96.83126068115234
1,10.948801040649414,63.84346389770508
1,31.55712127685547,36.900413513183594
1,2.425396680831909,14.200140953063965
1,12.630863189697266,96.83126068115234
1,10.948801040649414,63.84346389770508
1,31.55712127685547,36.900413513183594
1,2.425396680831909,14.200140953063965
1,12.630863189697266,96.83126068115234
1,10.948801040649414,63.84346389770508
1,31.55712127685547,36.900413513183594
1,81.43013763427734,50.330345153808594
1,12.630863189697266,96.83126068115234
1,81.1592788696289,57.75035858154297
1,81.43013763427734,50.330345153808594
1,12.630863189697266,96.83126068115234
1,81.1592788696289,57.75035858154297
1,81.43013763427734,50.330345153808594
1,12.630863189697266,96.83126068115234
1,81.1592788696289,57.75035858154297
1,81.43013763427734,50.330345153808594
1,12.630863189697266,96.83126068115234
1,81.1592788696289,57.75035858154297
1,81.43013763427734,50.330345153808594
1,12.630863189697266,96.83126068115234
1,81.1592788696289,57.75035858154297
1,81.43013763427734,50.330345153808594
1,12.630863189697266,96.83126068115234
1,81.1592788696289,57.75035858154297
1,81.43013763427734,50.330345153808594
1,12.630863189697266,96.83126068115234
1,85.32433319091797,38.850852966308594
1,81.1592788696289,57.75035858154297
1,81.43013763427734,50.330345153808594
1,12.630863189697266,96.83126068115234
1,85.32433319091797,38.850852966308594
1,81.1592788696289,57.75035858154297
1,12.630863189697266,96.83126068115234
1,81.43013763427734,50.330345153808594
1,85.32433319091797,38.850852966308594
1,81.1592788696289,57.75035858154297
1,81.43013763427734,50.330345153808594
1,12.630863189697266,96.83126068115234
1,85.32433319091797,38.850852966308594
1,81.1592788696289,57.75035858154297
1,81.43013763427734,50.330345153808594
1,12.630863189697266,96.83126068115234
1,85.32433319091797,38.850852966308594
1,81.1592788696289,57.75035858154297
1,81.43013763427734,50.330345153808594
1,12.630863189697266,96.83126068115234
1,85.32433319091797,38.850852966308594
1,81.1592788696289,57.75035858154297
1,81.43013763427734,50.330345153808594
1,12.630863189697266,96.83126068115234
1,85.32433319091797,38.850852966308594
1,81.1592788696289,57.75035858154297
1,12.630863189697266,96.83126068115234
1,10.948801040649414,63.84346389770508
1,12.630863189697266,96.83126068115234
1,10.948801040649414,63.84346389770508
1,12.630863189697266,96.83126068115234
1,10.948801040649414,63.84346389770508
1,12.630863189697266,96.83126068115234
1,10.948801040649414,63.84346389770508
1,12.630863189697266,96.83126068115234
1,10.948801040649414,63.84346389770508
1,12.630863189697266,96.83126068115234
1,10.948801040649414,63.84346389770508
1,12.630863189697266,96.83126068115234
1,10.948801040649414,63.84346389770508
1,12.630863189697266,96.83126068115234
1,10.948801040649414,63.84346389770508
1,12.630863189697266,96.83126068115234
1,10.948801040649414,63.84346389770508
